%clear all
% radar frequency (Hz);
freq = linspace(5e9, 50e9, 201);
c = 3e8;
% radar wavelength (mm);
lambda = c./freq;
% temperature of water in celsius
T_w = [-10 0 10 20];

n_w =  [7.669252353	8.318656521	8.865506538	8.707521925
7.617659222	8.262694674	8.825701388	8.668426108
7.566413173	8.207109296	8.786074958	8.629505827
7.515511869	8.151897857	8.746626446	8.590760293
7.464952992	8.097057839	8.707355054	8.552188723
7.414734238	8.042586746	8.668259986	8.513790335
7.36485332	7.988482094	8.629340451	8.475564352
7.315307963	7.934741419	8.59059566	8.437509998
7.266095912	7.881362271	8.552024829	8.399626505
7.217214924	7.82834222	8.513627177	8.361913105
7.168662771	7.775678849	8.475401926	8.324369033
7.120437241	7.723369758	8.437348302	8.286993531
7.072536138	7.671412565	8.399465535	8.24978584
7.024957279	7.619804902	8.361752857	8.212745207
6.977698495	7.568544418	8.324209505	8.175870883
6.930757634	7.517628777	8.286834719	8.139162121
6.884132556	7.467055659	8.249627741	8.102618177
6.837821138	7.41682276	8.212587818	8.066238311
6.79182127	7.366927791	8.175714201	8.030021787
6.746130855	7.317368479	8.139006142	7.993967871
6.700747812	7.268142567	8.102462898	7.958075834
6.655670072	7.21924781	8.06608373	7.922344947
6.610895583	7.170681981	8.0298679	7.886774489
6.566422304	7.122442868	7.993814675	7.851363737
6.522248209	7.074528272	7.957923325	7.816111976
6.478371285	7.026936011	7.922193123	7.781018492
6.434789533	6.979663916	7.886623346	7.746082574
6.391500967	6.932709833	7.851213274	7.711303514
6.348503614	6.886071622	7.815962188	7.676680608
6.305795517	6.83974716	7.780869377	7.642213155
6.263374728	6.793734334	7.745934128	7.607900457
6.221239316	6.74803105	7.711155734	7.57374182
6.17938736	6.702635223	7.676533492	7.539736551
6.137816953	6.657544787	7.642066699	7.505883962
6.096526202	6.612757686	7.607754659	7.472183367
6.055513224	6.56827188	7.573596676	7.438634085
6.014776152	6.524085343	7.539592059	7.405235434
5.97431313	6.480196059	7.505740119	7.371986741
5.934122313	6.436602031	7.47204017	7.33888733
5.89420187	6.393301272	7.43849153	7.305936532
5.854549983	6.350291809	7.40509352	7.273133679
5.815164845	6.307571682	7.371845464	7.240478108
5.776044662	6.265138945	7.338746687	7.207969156
5.73718765	6.222991664	7.305796521	7.175606166
5.69859204	6.181127919	7.272994297	7.143388483
5.660256073	6.139545803	7.240339351	7.111315453
5.622178003	6.098243421	7.207831023	7.079386428
5.584356094	6.057218892	7.175468653	7.04760076
5.546788623	6.016470345	7.143251587	7.015957807
5.509473879	5.975995925	7.111179172	6.984456927
5.472410161	5.935793788	7.079250758	6.953097482
5.435595781	5.895862101	7.0474657	6.921878838
5.399029061	5.856199045	7.015823353	6.890800363
5.362708335	5.816802813	6.984323077	6.859861426
5.326631949	5.777671611	6.952964233	6.829061401
5.290798258	5.738803654	6.921746187	6.798399666
5.25520563	5.700197173	6.890668307	6.767875598
5.219852443	5.661850408	6.859729963	6.73748858
5.184737087	5.623761612	6.828930529	6.707237996
5.149857961	5.58592905	6.798269381	6.677123234
5.115213476	5.548350997	6.767745898	6.647143684
5.080802054	5.511025742	6.737359462	6.617298739
5.046622128	5.473951585	6.707109458	6.587587794
5.012672138	5.437126835	6.676995274	6.558010249
4.97895054	5.400549815	6.647016298	6.528565503
4.945455796	5.364218859	6.617171925	6.499252961
4.91218638	5.328132311	6.58746155	6.470072029
4.879140776	5.292288526	6.557884571	6.441022116
4.846317479	5.256685873	6.528440389	6.412102634
4.813714993	5.221322728	6.499128409	6.383312998
4.781331833	5.186197481	6.469948036	6.354652623
4.749166523	5.151308531	6.44089868	6.326120931
4.717217598	5.116654288	6.411979753	6.297717343
4.685483602	5.082233173	6.383190668	6.269441284
4.653963089	5.048043619	6.354530843	6.241292181
4.622654623	5.014084067	6.325999697	6.213269464
4.591556778	4.98035297	6.297596653	6.185372567
4.560668136	4.946848791	6.269321136	6.157600923
4.52998729	4.913570004	6.241172573	6.129953972
4.499512843	4.880515092	6.213150393	6.102431151
4.469243406	4.84768255	6.18525403	6.075031906
4.439177599	4.815070881	6.157482919	6.04775568
4.409314053	4.782678599	6.129836497	6.020601921
4.379651407	4.75050423	6.102314204	5.99357008
4.35018831	4.718546305	6.074915484	5.966659608
4.320923419	4.686803371	6.04763978	5.939869962
4.291855401	4.655273979	6.020486542	5.913200598
4.262982931	4.623956695	5.993455219	5.886650977
4.234304694	4.59285009	5.966545263	5.860220561
4.205819384	4.561952748	5.93975613	5.833908814
4.177525702	4.53126326	5.913087277	5.807715204
4.149422359	4.500780229	5.886538165	5.781639201
4.121508074	4.470502266	5.860108255	5.755680276
4.093781577	4.44042799	5.833797013	5.729837903
4.066241603	4.410556033	5.807603905	5.70411156
4.038886899	4.380885032	5.781528401	5.678500726
4.011716216	4.351413636	5.755569974	5.653004881
3.984728318	4.322140501	5.729728097	5.62762351
3.957921975	4.293064296	5.704002247	5.602356099
3.931295966	4.264183693	5.678391903	5.577202135
3.904849077	4.235497379	5.652896547	5.55216111
3.878580103	4.207004045	5.627515662	5.527232517
3.852487848	4.178702393	5.602248735	5.50241585
3.826571122	4.150591134	5.577095254	5.477710607
3.800828745	4.122668987	5.552054709	5.453116288
3.775259545	4.09493468	5.527126593	5.428632395
3.749862355	4.067386949	5.502310401	5.404258431
3.724636018	4.040024539	5.477605632	5.379993905
3.699579386	4.012846204	5.453011784	5.355838323
3.674691317	3.985850704	5.42852836	5.331791197
3.649970677	3.95903681	5.404154864	5.30785204
3.625416339	3.932403301	5.379890802	5.284020367
3.601027185	3.905948963	5.355735683	5.260295696
3.576802103	3.87967259	5.331689018	5.236677546
3.55273999	3.853572985	5.30775032	5.213165439
3.528839749	3.827648959	5.283919104	5.189758899
3.505100291	3.801899332	5.260194888	5.166457452
3.481520536	3.776322929	5.236577191	5.143260625
3.458099407	3.750918585	5.213065534	5.12016795
3.434835839	3.725685143	5.189659442	5.097178958
3.411728771	3.700621454	5.166358442	5.074293184
3.388777151	3.675726374	5.14316206	5.051510165
3.365979932	3.650998771	5.120069827	5.028829439
3.343336077	3.626437517	5.097081276	5.006250547
3.320844552	3.602041493	5.07419594	4.983773032
3.298504335	3.577809587	5.051413358	4.961396439
3.276314406	3.553740696	5.028733067	4.939120314
3.254273754	3.529833723	5.006154608	4.916944206
3.232381377	3.506087579	4.983677523	4.894867667
3.210636274	3.482501182	4.961301359	4.872890248
3.189037458	3.459073456	4.93902566	4.851011506
3.167583942	3.435803335	4.916849978	4.829230997
3.14627475	3.412689759	4.894773861	4.807548281
3.12510891	3.389731674	4.872796864	4.785962917
3.104085459	3.366928034	4.850918541	4.764474469
3.083203438	3.3442778	4.82913845	4.743082502
3.062461897	3.321779941	4.807456149	4.721786582
3.041859889	3.29943343	4.785871199	4.700586279
3.021396476	3.277237251	4.764383163	4.679481163
3.001070727	3.255190392	4.742991605	4.658470807
2.980881714	3.233291847	4.721696094	4.637554784
2.960828518	3.21154062	4.700496197	4.616732673
2.940910225	3.18993572	4.679391485	4.59600405
2.921125928	3.168476161	4.658381532	4.575368497
2.901474726	3.147160967	4.63746591	4.554825595
2.881955722	3.125989165	4.616644198	4.534374928
2.862568028	3.104959792	4.595915972	4.514016083
2.84331076	3.08407189	4.575280814	4.493748646
2.824183041	3.063324506	4.554738306	4.473572208
2.805184	3.042716695	4.534288031	4.45348636
2.78631277	3.022247518	4.513929576	4.433490696
2.767568492	3.001916044	4.493662528	4.413584809
2.748950311	2.981721344	4.473486477	4.393768298
2.730457381	2.9616625	4.453401014	4.374040761
2.712088857	2.941738597	4.433405732	4.354401799
2.693843903	2.921948727	4.413500227	4.334851013
2.675721688	2.902291989	4.393684096	4.315388008
2.657721386	2.882767488	4.373956937	4.29601239
2.639842177	2.863374333	4.354318351	4.276723766
2.622083246	2.844111641	4.33476794	4.257521746
2.604443784	2.824978534	4.315305308	4.238405941
